<!DOCTYPE html>
<html lang="" xml:lang="">
<head>

  <meta charset="utf-8" />
  <meta http-equiv="X-UA-Compatible" content="IE=edge" />
  <title>제 3 장 최소제곱의 계산법 | 회귀모형 R 실습</title>
  <meta name="description" content="대학원 선형모형 교재입니다." />
  <meta name="generator" content="bookdown 0.21 and GitBook 2.6.7" />

  <meta property="og:title" content="제 3 장 최소제곱의 계산법 | 회귀모형 R 실습" />
  <meta property="og:type" content="book" />
  
  
  <meta property="og:description" content="대학원 선형모형 교재입니다." />
  

  <meta name="twitter:card" content="summary" />
  <meta name="twitter:title" content="제 3 장 최소제곱의 계산법 | 회귀모형 R 실습" />
  
  <meta name="twitter:description" content="대학원 선형모형 교재입니다." />
  

<meta name="author" content="서울시립대학교 통계학과 이용희" />


<meta name="date" content="2021-04-13" />

  <meta name="viewport" content="width=device-width, initial-scale=1" />
  <meta name="apple-mobile-web-app-capable" content="yes" />
  <meta name="apple-mobile-web-app-status-bar-style" content="black" />
  
  
<link rel="prev" href="chapter04.html"/>

<script src="libs/header-attrs-2.6/header-attrs.js"></script>
<script src="libs/jquery-2.2.3/jquery.min.js"></script>
<link href="libs/gitbook-2.6.7/css/style.css" rel="stylesheet" />
<link href="libs/gitbook-2.6.7/css/plugin-table.css" rel="stylesheet" />
<link href="libs/gitbook-2.6.7/css/plugin-bookdown.css" rel="stylesheet" />
<link href="libs/gitbook-2.6.7/css/plugin-highlight.css" rel="stylesheet" />
<link href="libs/gitbook-2.6.7/css/plugin-search.css" rel="stylesheet" />
<link href="libs/gitbook-2.6.7/css/plugin-fontsettings.css" rel="stylesheet" />
<link href="libs/gitbook-2.6.7/css/plugin-clipboard.css" rel="stylesheet" />











<style type="text/css">
pre > code.sourceCode { white-space: pre; position: relative; }
pre > code.sourceCode > span { display: inline-block; line-height: 1.25; }
pre > code.sourceCode > span:empty { height: 1.2em; }
code.sourceCode > span { color: inherit; text-decoration: inherit; }
pre.sourceCode { margin: 0; }
@media screen {
div.sourceCode { overflow: auto; }
}
@media print {
pre > code.sourceCode { white-space: pre-wrap; }
pre > code.sourceCode > span { text-indent: -5em; padding-left: 5em; }
}
pre.numberSource code
  { counter-reset: source-line 0; }
pre.numberSource code > span
  { position: relative; left: -4em; counter-increment: source-line; }
pre.numberSource code > span > a:first-child::before
  { content: counter(source-line);
    position: relative; left: -1em; text-align: right; vertical-align: baseline;
    border: none; display: inline-block;
    -webkit-touch-callout: none; -webkit-user-select: none;
    -khtml-user-select: none; -moz-user-select: none;
    -ms-user-select: none; user-select: none;
    padding: 0 4px; width: 4em;
    color: #aaaaaa;
  }
pre.numberSource { margin-left: 3em; border-left: 1px solid #aaaaaa;  padding-left: 4px; }
div.sourceCode
  {   }
@media screen {
pre > code.sourceCode > span > a:first-child::before { text-decoration: underline; }
}
code span.al { color: #ff0000; font-weight: bold; } /* Alert */
code span.an { color: #60a0b0; font-weight: bold; font-style: italic; } /* Annotation */
code span.at { color: #7d9029; } /* Attribute */
code span.bn { color: #40a070; } /* BaseN */
code span.bu { } /* BuiltIn */
code span.cf { color: #007020; font-weight: bold; } /* ControlFlow */
code span.ch { color: #4070a0; } /* Char */
code span.cn { color: #880000; } /* Constant */
code span.co { color: #60a0b0; font-style: italic; } /* Comment */
code span.cv { color: #60a0b0; font-weight: bold; font-style: italic; } /* CommentVar */
code span.do { color: #ba2121; font-style: italic; } /* Documentation */
code span.dt { color: #902000; } /* DataType */
code span.dv { color: #40a070; } /* DecVal */
code span.er { color: #ff0000; font-weight: bold; } /* Error */
code span.ex { } /* Extension */
code span.fl { color: #40a070; } /* Float */
code span.fu { color: #06287e; } /* Function */
code span.im { } /* Import */
code span.in { color: #60a0b0; font-weight: bold; font-style: italic; } /* Information */
code span.kw { color: #007020; font-weight: bold; } /* Keyword */
code span.op { color: #666666; } /* Operator */
code span.ot { color: #007020; } /* Other */
code span.pp { color: #bc7a00; } /* Preprocessor */
code span.sc { color: #4070a0; } /* SpecialChar */
code span.ss { color: #bb6688; } /* SpecialString */
code span.st { color: #4070a0; } /* String */
code span.va { color: #19177c; } /* Variable */
code span.vs { color: #4070a0; } /* VerbatimString */
code span.wa { color: #60a0b0; font-weight: bold; font-style: italic; } /* Warning */
</style>

<link rel="stylesheet" href="style.css" type="text/css" />
</head>

<body>



  <div class="book without-animation with-summary font-size-2 font-family-1" data-basepath=".">

    <div class="book-summary">
      <nav role="navigation">

<ul class="summary">
<li><a href="./">Introduction on Regression Model-R program</a></li>

<li class="divider"></li>
<li class="chapter" data-level="" data-path="index.html"><a href="index.html"><i class="fa fa-check"></i>Preface</a></li>
<li class="chapter" data-level="1" data-path="chapter03.html"><a href="chapter03.html"><i class="fa fa-check"></i><b>1</b> 중회귀분석</a>
<ul>
<li class="chapter" data-level="1.1" data-path="chapter03.html"><a href="chapter03.html#중고차-자료"><i class="fa fa-check"></i><b>1.1</b> 중고차 자료</a></li>
<li class="chapter" data-level="1.2" data-path="chapter03.html"><a href="chapter03.html#산점도-행렬"><i class="fa fa-check"></i><b>1.2</b> 산점도 행렬</a></li>
<li class="chapter" data-level="1.3" data-path="chapter03.html"><a href="chapter03.html#중회귀-모형의-적합"><i class="fa fa-check"></i><b>1.3</b> 중회귀 모형의 적합</a></li>
<li class="chapter" data-level="1.4" data-path="chapter03.html"><a href="chapter03.html#회귀계수의-추정과-결정계수"><i class="fa fa-check"></i><b>1.4</b> 회귀계수의 추정과 결정계수</a></li>
<li class="chapter" data-level="1.5" data-path="chapter03.html"><a href="chapter03.html#예측값"><i class="fa fa-check"></i><b>1.5</b> 예측값</a></li>
<li class="chapter" data-level="1.6" data-path="chapter03.html"><a href="chapter03.html#잔차-분석"><i class="fa fa-check"></i><b>1.6</b> 잔차 분석</a></li>
</ul></li>
<li class="chapter" data-level="2" data-path="chapter04.html"><a href="chapter04.html"><i class="fa fa-check"></i><b>2</b> 모형의 진단과 수정</a>
<ul>
<li class="chapter" data-level="2.1" data-path="chapter04.html"><a href="chapter04.html#순차제곱합"><i class="fa fa-check"></i><b>2.1</b> 순차제곱합</a></li>
<li class="chapter" data-level="2.2" data-path="chapter04.html"><a href="chapter04.html#편제곱합"><i class="fa fa-check"></i><b>2.2</b> 편제곱합</a></li>
<li class="chapter" data-level="2.3" data-path="chapter04.html"><a href="chapter04.html#부분-f-검정"><i class="fa fa-check"></i><b>2.3</b> 부분 F 검정</a></li>
<li class="chapter" data-level="2.4" data-path="chapter04.html"><a href="chapter04.html#선형-가설에-대한-검정"><i class="fa fa-check"></i><b>2.4</b> 선형 가설에 대한 검정</a></li>
<li class="chapter" data-level="2.5" data-path="chapter04.html"><a href="chapter04.html#변수변환"><i class="fa fa-check"></i><b>2.5</b> 변수변환</a></li>
<li class="chapter" data-level="2.6" data-path="chapter04.html"><a href="chapter04.html#다중공선성"><i class="fa fa-check"></i><b>2.6</b> 다중공선성</a>
<ul>
<li class="chapter" data-level="2.6.1" data-path="chapter04.html"><a href="chapter04.html#예제-4.14"><i class="fa fa-check"></i><b>2.6.1</b> 예제 4.14</a></li>
</ul></li>
</ul></li>
<li class="chapter" data-level="3" data-path="compute.html"><a href="compute.html"><i class="fa fa-check"></i><b>3</b> 최소제곱의 계산법</a>
<ul>
<li class="chapter" data-level="3.1" data-path="compute.html"><a href="compute.html#촐레스키"><i class="fa fa-check"></i><b>3.1</b> 촐레스키</a></li>
<li class="chapter" data-level="3.2" data-path="compute.html"><a href="compute.html#qr"><i class="fa fa-check"></i><b>3.2</b> QR</a></li>
<li class="chapter" data-level="3.3" data-path="compute.html"><a href="compute.html#svd"><i class="fa fa-check"></i><b>3.3</b> SVD</a></li>
<li class="chapter" data-level="3.4" data-path="compute.html"><a href="compute.html#결과"><i class="fa fa-check"></i><b>3.4</b> 결과</a></li>
<li class="chapter" data-level="3.5" data-path="compute.html"><a href="compute.html#참고"><i class="fa fa-check"></i><b>3.5</b> 참고</a></li>
</ul></li>
<li class="divider"></li>
<li><a href="https://github.com/rstudio/bookdown" target="blank">Published with bookdown</a></li>

</ul>

      </nav>
    </div>

    <div class="book-body">
      <div class="body-inner">
        <div class="book-header" role="navigation">
          <h1>
            <i class="fa fa-circle-o-notch fa-spin"></i><a href="./">회귀모형 R 실습</a>
          </h1>
        </div>

        <div class="page-wrapper" tabindex="-1" role="main">
          <div class="page-inner">

            <section class="normal" id="section-">
\(
\newcommand{\bm}[1]{\boldsymbol{\mathbf{#1}}}
\newcommand{\pardiff}[2]{\frac{\partial #1}{\partial #2 }}
\newcommand{\pardiffl}[2]{{\partial #1}/{\partial #2 }}
\newcommand{\pardiffd}[2]{\frac{\partial^2 #1}{\partial #2^t \partial #2 }}
\newcommand{\pardiffdd}[3]{\frac{\partial^2 #1}{\partial #2 \partial #3 }}
\newcommand{\norm}[1]{\left\lVert#1\right\rVert}
\newcommand{\hatmat}{\bm X ({\bm X}^t {\bm X} )^{-1} {\bm X}^t}
\newcommand{\hatmatt}[1]{\bm X_{#1} ({\bm X}_{#1}^t {\bm X}_{#1})^{-1} {\bm X}_{#1}^t}
\)
<div id="compute" class="section level1" number="3">
<h1><span class="header-section-number">제 3 장</span> 최소제곱의 계산법</h1>
<p>이제 선형모형에서 회귀게수를 구하는 계산 방법에 대하여 알아보자. 최소제곱법(동시에 최대 가능도 추정법)에 의한 회귀게수의 추정치를 구하려면 다음과 같은 정규 방정식(normal equation)을 풀어야 한다.</p>
<p><span class="math display" id="eq:comp-lse">\[\begin{equation}
 {\bm X}^t \bm X \bm \beta = \bm X^t \bm y
\tag{3.1}
\end{equation}\]</span></p>
<p>중고차 자료를 이용한다.</p>
<div class="sourceCode" id="cb78"><pre class="sourceCode r"><code class="sourceCode r"><span id="cb78-1"><a href="compute.html#cb78-1" aria-hidden="true" tabindex="-1"></a><span class="fu">head</span>(usedcars)</span></code></pre></div>
<pre><code>##   price year mileage   cc automatic
## 1   790   78  133462 1998         1
## 2  1380   39   33000 2000         1
## 3   270  109  120000 1800         0
## 4  1190   20   69727 1999         1
## 5   590   70  112000 2000         0
## 6  1120   58   39106 1998         1</code></pre>
<div class="sourceCode" id="cb80"><pre class="sourceCode r"><code class="sourceCode r"><span id="cb80-1"><a href="compute.html#cb80-1" aria-hidden="true" tabindex="-1"></a>fit0 <span class="ot">&lt;-</span> <span class="fu">lm</span>(price <span class="sc">~</span> year <span class="sc">+</span> mileage <span class="sc">+</span> cc <span class="sc">+</span> automatic, <span class="at">data=</span>usedcars)</span>
<span id="cb80-2"><a href="compute.html#cb80-2" aria-hidden="true" tabindex="-1"></a>lmbeta <span class="ot">&lt;-</span> fit0<span class="sc">$</span>coefficients</span>
<span id="cb80-3"><a href="compute.html#cb80-3" aria-hidden="true" tabindex="-1"></a>lmbeta</span></code></pre></div>
<pre><code>##   (Intercept)          year       mileage            cc     automatic 
## 525.286960604  -5.799637101  -0.002262844   0.388787346 165.312632517</code></pre>
<p>계획행렬은 다음과 같이 구할 수 있다.</p>
<div class="sourceCode" id="cb82"><pre class="sourceCode r"><code class="sourceCode r"><span id="cb82-1"><a href="compute.html#cb82-1" aria-hidden="true" tabindex="-1"></a>X <span class="ot">&lt;-</span> <span class="fu">model.matrix</span>(fit0)</span>
<span id="cb82-2"><a href="compute.html#cb82-2" aria-hidden="true" tabindex="-1"></a>y <span class="ot">&lt;-</span> <span class="fu">as.matrix</span>(usedcars<span class="sc">$</span>price)</span>
<span id="cb82-3"><a href="compute.html#cb82-3" aria-hidden="true" tabindex="-1"></a>X</span></code></pre></div>
<pre><code>##    (Intercept) year mileage   cc automatic
## 1            1   78  133462 1998         1
## 2            1   39   33000 2000         1
## 3            1  109  120000 1800         0
## 4            1   20   69727 1999         1
## 5            1   70  112000 2000         0
## 6            1   58   39106 1998         1
## 7            1   53   95935 1800         1
## 8            1   68  120000 1800         0
## 9            1   15   20215 1798         1
## 10           1   96  140000 1800         0
## 11           1   63   68924 1998         1
## 12           1   82   90000 2000         0
## 13           1   76   81279 1998         0
## 14           1   17   24070 1798         1
## 15           1   38   40000 2000         0
## 16           1   46   56887 1832         1
## 17           1   95   91216 1997         1
## 18           1   37   48680 1998         1
## 19           1   68    8000 2000         0
## 20           1   41   60634 1835         1
## 21           1   69  114131 1998         1
## 22           1   71   75000 1800         0
## 23           1   99  124417 1998         1
## 24           1  129  130000 1800         0
## 25           1   57   77559 1997         1
## 26           1  107   75216 1838         1
## 27           1   45   52000 2000         0
## 28           1   80   58000 2000         1
## 29           1  113  134500 1800         0
## 30           1   41   80000 2000         0
## attr(,&quot;assign&quot;)
## [1] 0 1 2 3 4</code></pre>
<div class="sourceCode" id="cb84"><pre class="sourceCode r"><code class="sourceCode r"><span id="cb84-1"><a href="compute.html#cb84-1" aria-hidden="true" tabindex="-1"></a>y</span></code></pre></div>
<pre><code>##       [,1]
##  [1,]  790
##  [2,] 1380
##  [3,]  270
##  [4,] 1190
##  [5,]  590
##  [6,] 1120
##  [7,]  815
##  [8,]  450
##  [9,] 1290
## [10,]  420
## [11,]  945
## [12,]  770
## [13,]  610
## [14,] 1350
## [15,] 1020
## [16,]  830
## [17,]  670
## [18,]  990
## [19,]  800
## [20,] 1100
## [21,]  740
## [22,]  570
## [23,]  660
## [24,]  300
## [25,]  960
## [26,]  650
## [27,] 1000
## [28,]  700
## [29,]  280
## [30,]  879</code></pre>
<div class="sourceCode" id="cb86"><pre class="sourceCode r"><code class="sourceCode r"><span id="cb86-1"><a href="compute.html#cb86-1" aria-hidden="true" tabindex="-1"></a>A <span class="ot">&lt;-</span> <span class="fu">t</span>(X) <span class="sc">%*%</span> X</span>
<span id="cb86-2"><a href="compute.html#cb86-2" aria-hidden="true" tabindex="-1"></a>Xty <span class="ot">&lt;-</span> <span class="fu">t</span>(X) <span class="sc">%*%</span> y </span>
<span id="cb86-3"><a href="compute.html#cb86-3" aria-hidden="true" tabindex="-1"></a>A</span></code></pre></div>
<pre><code>##             (Intercept)      year      mileage         cc automatic
## (Intercept)          30      1980      2373958      57680        17
## year               1980    155858    179424383    3792473       974
## mileage         2373958 179424383 228412852144 4542340762   1191179
## cc                57680   3792473   4542340762  111163348     32882
## automatic            17       974      1191179      32882        17</code></pre>
<div class="sourceCode" id="cb88"><pre class="sourceCode r"><code class="sourceCode r"><span id="cb88-1"><a href="compute.html#cb88-1" aria-hidden="true" tabindex="-1"></a>Xty</span></code></pre></div>
<pre><code>##                   [,1]
## (Intercept)      24139
## year           1365619
## mileage     1652471805
## cc            46679690
## automatic        16180</code></pre>
<div id="촐레스키" class="section level2" number="3.1">
<h2><span class="header-section-number">3.1</span> 촐레스키</h2>
<div class="sourceCode" id="cb90"><pre class="sourceCode r"><code class="sourceCode r"><span id="cb90-1"><a href="compute.html#cb90-1" aria-hidden="true" tabindex="-1"></a>U <span class="ot">&lt;-</span> <span class="fu">chol</span>(A) <span class="co"># chol give upper diagonal</span></span>
<span id="cb90-2"><a href="compute.html#cb90-2" aria-hidden="true" tabindex="-1"></a>U</span></code></pre></div>
<pre><code>##             (Intercept)     year  mileage          cc  automatic
## (Intercept)    5.477226 361.4969 433423.4 10530.87904  3.1037612
## year           0.000000 158.6758 143331.0   -90.79521 -0.9327196
## mileage        0.000000   0.0000 141468.0   -63.44464 -0.1440343
## cc             0.000000   0.0000      0.0   501.66291  0.2050022
## automatic      0.000000   0.0000      0.0     0.00000  2.5365191</code></pre>
<div class="sourceCode" id="cb92"><pre class="sourceCode r"><code class="sourceCode r"><span id="cb92-1"><a href="compute.html#cb92-1" aria-hidden="true" tabindex="-1"></a>bstar <span class="ot">&lt;-</span> <span class="fu">solve</span>(<span class="fu">t</span>(U) ,Xty)</span>
<span id="cb92-2"><a href="compute.html#cb92-2" aria-hidden="true" tabindex="-1"></a>hatb_chol <span class="ot">&lt;-</span> <span class="fu">solve</span>(U, bstar)</span>
<span id="cb92-3"><a href="compute.html#cb92-3" aria-hidden="true" tabindex="-1"></a>hatb_chol</span></code></pre></div>
<pre><code>##                      [,1]
## (Intercept) 525.286960604
## year         -5.799637101
## mileage      -0.002262844
## cc            0.388787346
## automatic   165.312632517</code></pre>
</div>
<div id="qr" class="section level2" number="3.2">
<h2><span class="header-section-number">3.2</span> QR</h2>
<div class="sourceCode" id="cb94"><pre class="sourceCode r"><code class="sourceCode r"><span id="cb94-1"><a href="compute.html#cb94-1" aria-hidden="true" tabindex="-1"></a>QRans <span class="ot">&lt;-</span> <span class="fu">qr</span>(X)</span>
<span id="cb94-2"><a href="compute.html#cb94-2" aria-hidden="true" tabindex="-1"></a>Q1 <span class="ot">&lt;-</span> <span class="fu">qr.Q</span>(QRans)</span>
<span id="cb94-3"><a href="compute.html#cb94-3" aria-hidden="true" tabindex="-1"></a>Q1</span></code></pre></div>
<pre><code>##             [,1]        [,2]        [,3]       [,4]        [,5]
##  [1,] -0.1825742  0.07562591  0.30742310 -0.2027340  0.19971845
##  [2,] -0.1825742 -0.17015830 -0.15369537 -0.1039196  0.09114151
##  [3,] -0.1825742  0.27099286  0.01432404  0.1936620 -0.10728957
##  [4,] -0.1825742 -0.28989933  0.22723602 -0.1284304  0.06676071
##  [5,] -0.1825742  0.02520864  0.20679510 -0.1848696 -0.21733215
##  [6,] -0.1825742 -0.05041728 -0.23185156 -0.1117203  0.13010376
##  [7,] -0.1825742 -0.08192807  0.20178344  0.2338289  0.17106774
##  [8,] -0.1825742  0.01260432  0.27611529  0.2073189 -0.18633389
##  [9,] -0.1825742 -0.32141013 -0.09082550  0.3181650  0.07320675
## [10,] -0.1825742  0.18906478  0.23870575  0.1801128 -0.12576957
## [11,] -0.1825742 -0.01890648 -0.05300173 -0.1400423  0.14955765
## [12,] -0.1825742  0.10083455 -0.02533894 -0.1691993 -0.20143834
## [13,] -0.1825742  0.06302159 -0.04867448 -0.1554176 -0.21555404
## [14,] -0.1825742 -0.30880581 -0.07634583  0.3140525  0.07833142
## [15,] -0.1825742 -0.17646046 -0.09782906 -0.1098444 -0.30272348
## [16,] -0.1825742 -0.12604319 -0.02954052  0.2072806  0.13956469
## [17,] -0.1825742  0.18276262 -0.09975034 -0.1686365  0.21874911
## [18,] -0.1825742 -0.18276262 -0.03008727 -0.1132842  0.09276884
## [19,] -0.1825742  0.01260432 -0.51558321 -0.0912301 -0.25541870
## [20,] -0.1825742 -0.15755399  0.02887180  0.1996162  0.13067512
## [21,] -0.1825742  0.01890648  0.22824373 -0.1824548  0.17600462
## [22,] -0.1825742  0.03151080 -0.06113331  0.2465485 -0.19536153
## [23,] -0.1825742  0.20797126  0.10939817 -0.2016431  0.23722748
## [24,] -0.1825742  0.39703604 -0.04269165  0.1780603 -0.06543995
## [25,] -0.1825742 -0.05671943  0.04634772 -0.1437698  0.14099343
## [26,] -0.1825742  0.25838854 -0.28947196  0.1586158  0.26223342
## [27,] -0.1825742 -0.13234535 -0.05770029 -0.1229037 -0.28527840
## [28,] -0.1825742  0.08823023 -0.23876821 -0.1399259  0.17841437
## [29,] -0.1825742  0.29620149  0.09128011  0.1793670 -0.09480537
## [30,] -0.1825742 -0.15755399  0.16576495 -0.1466026 -0.28377408</code></pre>
<div class="sourceCode" id="cb96"><pre class="sourceCode r"><code class="sourceCode r"><span id="cb96-1"><a href="compute.html#cb96-1" aria-hidden="true" tabindex="-1"></a>R <span class="ot">&lt;-</span> <span class="fu">qr.R</span>(QRans)</span>
<span id="cb96-2"><a href="compute.html#cb96-2" aria-hidden="true" tabindex="-1"></a>R</span></code></pre></div>
<pre><code>##   (Intercept)      year   mileage           cc  automatic
## 1   -5.477226 -361.4969 -433423.4 -10530.87904 -3.1037612
## 2    0.000000  158.6758  143331.0    -90.79521 -0.9327196
## 3    0.000000    0.0000  141468.0    -63.44464 -0.1440343
## 4    0.000000    0.0000       0.0   -501.66291 -0.2050022
## 5    0.000000    0.0000       0.0      0.00000  2.5365191</code></pre>
<div class="sourceCode" id="cb98"><pre class="sourceCode r"><code class="sourceCode r"><span id="cb98-1"><a href="compute.html#cb98-1" aria-hidden="true" tabindex="-1"></a>Q1 <span class="sc">%*%</span> R</span></code></pre></div>
<pre><code>##       (Intercept) year mileage   cc    automatic
##  [1,]           1   78  133462 1998 1.000000e+00
##  [2,]           1   39   33000 2000 1.000000e+00
##  [3,]           1  109  120000 1800 3.330669e-16
##  [4,]           1   20   69727 1999 1.000000e+00
##  [5,]           1   70  112000 2000 4.440892e-16
##  [6,]           1   58   39106 1998 1.000000e+00
##  [7,]           1   53   95935 1800 1.000000e+00
##  [8,]           1   68  120000 1800 2.220446e-16
##  [9,]           1   15   20215 1798 1.000000e+00
## [10,]           1   96  140000 1800 3.330669e-16
## [11,]           1   63   68924 1998 1.000000e+00
## [12,]           1   82   90000 2000 4.440892e-16
## [13,]           1   76   81279 1998 2.220446e-16
## [14,]           1   17   24070 1798 1.000000e+00
## [15,]           1   38   40000 2000 2.220446e-16
## [16,]           1   46   56887 1832 1.000000e+00
## [17,]           1   95   91216 1997 1.000000e+00
## [18,]           1   37   48680 1998 1.000000e+00
## [19,]           1   68    8000 2000 2.220446e-16
## [20,]           1   41   60634 1835 1.000000e+00
## [21,]           1   69  114131 1998 1.000000e+00
## [22,]           1   71   75000 1800 4.440892e-16
## [23,]           1   99  124417 1998 1.000000e+00
## [24,]           1  129  130000 1800 3.608225e-16
## [25,]           1   57   77559 1997 1.000000e+00
## [26,]           1  107   75216 1838 1.000000e+00
## [27,]           1   45   52000 2000 2.220446e-16
## [28,]           1   80   58000 2000 1.000000e+00
## [29,]           1  113  134500 1800 3.608225e-16
## [30,]           1   41   80000 2000 1.110223e-16</code></pre>
<div class="sourceCode" id="cb100"><pre class="sourceCode r"><code class="sourceCode r"><span id="cb100-1"><a href="compute.html#cb100-1" aria-hidden="true" tabindex="-1"></a>c <span class="ot">&lt;-</span> <span class="fu">t</span>(Q1) <span class="sc">%*%</span> y</span>
<span id="cb100-2"><a href="compute.html#cb100-2" aria-hidden="true" tabindex="-1"></a>hatb_qr <span class="ot">&lt;-</span> <span class="fu">solve</span>(R, c)</span>
<span id="cb100-3"><a href="compute.html#cb100-3" aria-hidden="true" tabindex="-1"></a>hatb_qr</span></code></pre></div>
<pre><code>##                      [,1]
## (Intercept) 525.286960604
## year         -5.799637101
## mileage      -0.002262844
## cc            0.388787346
## automatic   165.312632517</code></pre>
</div>
<div id="svd" class="section level2" number="3.3">
<h2><span class="header-section-number">3.3</span> SVD</h2>
<div class="sourceCode" id="cb102"><pre class="sourceCode r"><code class="sourceCode r"><span id="cb102-1"><a href="compute.html#cb102-1" aria-hidden="true" tabindex="-1"></a>SVDans <span class="ot">&lt;-</span> <span class="fu">svd</span>(X)</span>
<span id="cb102-2"><a href="compute.html#cb102-2" aria-hidden="true" tabindex="-1"></a>U1 <span class="ot">&lt;-</span> SVDans<span class="sc">$</span>u</span>
<span id="cb102-3"><a href="compute.html#cb102-3" aria-hidden="true" tabindex="-1"></a>U1</span></code></pre></div>
<pre><code>##              [,1]        [,2]        [,3]        [,4]        [,5]
##  [1,] -0.27922535 -0.14384816 -0.17683730 -0.19605332  0.21490162
##  [2,] -0.06910432  0.29439322 -0.01255121 -0.08990468  0.07302296
##  [3,] -0.25106075 -0.12847284  0.18834231  0.10431768 -0.17349316
##  [4,] -0.14592052  0.13404317 -0.37005122 -0.06506012  0.09762905
##  [5,] -0.23433662 -0.04988011 -0.13888170  0.22047822  0.18122523
##  [6,] -0.08187526  0.26738497  0.12638464 -0.12857541  0.09130066
##  [7,] -0.20072757 -0.02370994 -0.18962224 -0.17516194 -0.23918651
##  [8,] -0.25106068 -0.12856953 -0.17837344  0.18285052 -0.20644692
##  [9,] -0.04235545  0.30581174 -0.14242453 -0.07935719 -0.35996963
## [10,] -0.29289168 -0.21567979 -0.03012250  0.12303554 -0.16115036
## [11,] -0.14424103  0.13742563  0.01875236 -0.14737052  0.12929933
## [12,] -0.18832260  0.04604211  0.08085774  0.20429408  0.16579954
## [13,] -0.17008212  0.08360304  0.07194430  0.21809284  0.14708697
## [14,] -0.05041837  0.28901322 -0.14423291 -0.08437980 -0.35396906
## [15,] -0.08374516  0.26387907 -0.05721816  0.30403022  0.07345566
## [16,] -0.11905814  0.15348681 -0.05580187 -0.14344493 -0.22608197
## [17,] -0.19086582  0.04011533  0.19116595 -0.21575072  0.17844689
## [18,] -0.10189970  0.22560416 -0.11036330 -0.09131098  0.08533222
## [19,] -0.01681569  0.40343187  0.37461298  0.25645964  0.06110169
## [20,] -0.12689529  0.13779975 -0.11995752 -0.13444132 -0.21990301
## [21,] -0.23879363 -0.05960914 -0.15856502 -0.17283842  0.18563870
## [22,] -0.15694105  0.06758419  0.07838486  0.19101551 -0.25531665
## [23,] -0.26030733 -0.10437316  0.05720774 -0.23348128  0.22147290
## [24,] -0.27197626 -0.17201383  0.31613351  0.06291757 -0.14602238
## [25,] -0.16230149  0.09955405 -0.07893713 -0.13874226  0.13234117
## [26,] -0.15739446  0.07505237  0.39557026 -0.26478314 -0.14431045
## [27,] -0.10884374  0.21158980 -0.05592161  0.28691249  0.09275684
## [28,] -0.12139308  0.18551955  0.22642819 -0.17616602  0.13446615
## [29,] -0.28138819 -0.19166622  0.15003237  0.09217341 -0.15375428
## [30,] -0.16740706  0.08953357 -0.23476347  0.28591832  0.12145000</code></pre>
<div class="sourceCode" id="cb104"><pre class="sourceCode r"><code class="sourceCode r"><span id="cb104-1"><a href="compute.html#cb104-1" aria-hidden="true" tabindex="-1"></a>R1 <span class="ot">&lt;-</span> <span class="fu">diag</span>(SVDans<span class="sc">$</span>d)</span>
<span id="cb104-2"><a href="compute.html#cb104-2" aria-hidden="true" tabindex="-1"></a>R1</span></code></pre></div>
<pre><code>##          [,1]     [,2]     [,3]     [,4]      [,5]
## [1,] 478020.2    0.000   0.0000 0.000000 0.0000000
## [2,]      0.0 4563.562   0.0000 0.000000 0.0000000
## [3,]      0.0    0.000 111.7954 0.000000 0.0000000
## [4,]      0.0    0.000   0.0000 2.536856 0.0000000
## [5,]      0.0    0.000   0.0000 0.000000 0.2528772</code></pre>
<div class="sourceCode" id="cb106"><pre class="sourceCode r"><code class="sourceCode r"><span id="cb106-1"><a href="compute.html#cb106-1" aria-hidden="true" tabindex="-1"></a>V <span class="ot">&lt;-</span> SVDans<span class="sc">$</span>v</span>
<span id="cb106-2"><a href="compute.html#cb106-2" aria-hidden="true" tabindex="-1"></a>V</span></code></pre></div>
<pre><code>##               [,1]          [,2]          [,3]          [,4]          [,5]
## [1,] -1.039213e-05  0.0005024682  0.0001895614 -1.705262e-03 -9.999984e-01
## [2,] -7.853907e-04  0.0107615439  0.9999299572 -4.859183e-03  2.032501e-04
## [3,] -9.998020e-01 -0.0198917212 -0.0005712134 -7.842434e-07  2.881731e-07
## [4,] -1.988441e-02  0.9997439979 -0.0107728592  4.945024e-04  4.996616e-04
## [5,] -5.214794e-06  0.0004412482 -0.0048645579 -9.999866e-01  1.704542e-03</code></pre>
<div class="sourceCode" id="cb108"><pre class="sourceCode r"><code class="sourceCode r"><span id="cb108-1"><a href="compute.html#cb108-1" aria-hidden="true" tabindex="-1"></a>c <span class="ot">&lt;-</span> <span class="fu">t</span>(U1) <span class="sc">%*%</span> y</span>
<span id="cb108-2"><a href="compute.html#cb108-2" aria-hidden="true" tabindex="-1"></a>hatb_svd <span class="ot">&lt;-</span> V <span class="sc">%*%</span> <span class="fu">solve</span>(R1, c)</span>
<span id="cb108-3"><a href="compute.html#cb108-3" aria-hidden="true" tabindex="-1"></a>hatb_svd</span></code></pre></div>
<pre><code>##               [,1]
## [1,] 525.286960605
## [2,]  -5.799637101
## [3,]  -0.002262844
## [4,]   0.388787346
## [5,] 165.312632517</code></pre>
</div>
<div id="결과" class="section level2" number="3.4">
<h2><span class="header-section-number">3.4</span> 결과</h2>
<div class="sourceCode" id="cb110"><pre class="sourceCode r"><code class="sourceCode r"><span id="cb110-1"><a href="compute.html#cb110-1" aria-hidden="true" tabindex="-1"></a>resbeta <span class="ot">&lt;-</span> <span class="fu">data.frame</span>(lmbeta, <span class="at">chol =</span>hatb_chol, <span class="at">qr=</span>hatb_qr, <span class="at">svd =</span> hatb_svd)</span>
<span id="cb110-2"><a href="compute.html#cb110-2" aria-hidden="true" tabindex="-1"></a>resbeta</span></code></pre></div>
<pre><code>##                    lmbeta          chol            qr           svd
## (Intercept) 525.286960604 525.286960604 525.286960604 525.286960605
## year         -5.799637101  -5.799637101  -5.799637101  -5.799637101
## mileage      -0.002262844  -0.002262844  -0.002262844  -0.002262844
## cc            0.388787346   0.388787346   0.388787346   0.388787346
## automatic   165.312632517 165.312632517 165.312632517 165.312632517</code></pre>
</div>
<div id="참고" class="section level2" number="3.5">
<h2><span class="header-section-number">3.5</span> 참고</h2>
<p>QR분해와 SVD 분해를 다음과 같이 하면 전체 차원에 대하여 구할 수 있다.</p>
<div class="sourceCode" id="cb112"><pre class="sourceCode r"><code class="sourceCode r"><span id="cb112-1"><a href="compute.html#cb112-1" aria-hidden="true" tabindex="-1"></a>Q1 <span class="ot">&lt;-</span> <span class="fu">qr.Q</span>(QRans)</span>
<span id="cb112-2"><a href="compute.html#cb112-2" aria-hidden="true" tabindex="-1"></a><span class="fu">dim</span>(Q1)</span></code></pre></div>
<pre><code>## [1] 30  5</code></pre>
<div class="sourceCode" id="cb114"><pre class="sourceCode r"><code class="sourceCode r"><span id="cb114-1"><a href="compute.html#cb114-1" aria-hidden="true" tabindex="-1"></a>Q <span class="ot">&lt;-</span> <span class="fu">qr.Q</span>(QRans, <span class="at">complete =</span> <span class="cn">TRUE</span>)</span>
<span id="cb114-2"><a href="compute.html#cb114-2" aria-hidden="true" tabindex="-1"></a><span class="fu">dim</span>(Q)</span></code></pre></div>
<pre><code>## [1] 30 30</code></pre>
<div class="sourceCode" id="cb116"><pre class="sourceCode r"><code class="sourceCode r"><span id="cb116-1"><a href="compute.html#cb116-1" aria-hidden="true" tabindex="-1"></a>RR <span class="ot">&lt;-</span> <span class="fu">qr.R</span>(QRans,<span class="at">complete =</span> <span class="cn">TRUE</span>) </span>
<span id="cb116-2"><a href="compute.html#cb116-2" aria-hidden="true" tabindex="-1"></a>RR</span></code></pre></div>
<pre><code>##    (Intercept)      year   mileage           cc  automatic
## 1    -5.477226 -361.4969 -433423.4 -10530.87904 -3.1037612
## 2     0.000000  158.6758  143331.0    -90.79521 -0.9327196
## 3     0.000000    0.0000  141468.0    -63.44464 -0.1440343
## 4     0.000000    0.0000       0.0   -501.66291 -0.2050022
## 5     0.000000    0.0000       0.0      0.00000  2.5365191
## 6     0.000000    0.0000       0.0      0.00000  0.0000000
## 7     0.000000    0.0000       0.0      0.00000  0.0000000
## 8     0.000000    0.0000       0.0      0.00000  0.0000000
## 9     0.000000    0.0000       0.0      0.00000  0.0000000
## 10    0.000000    0.0000       0.0      0.00000  0.0000000
## 11    0.000000    0.0000       0.0      0.00000  0.0000000
## 12    0.000000    0.0000       0.0      0.00000  0.0000000
## 13    0.000000    0.0000       0.0      0.00000  0.0000000
## 14    0.000000    0.0000       0.0      0.00000  0.0000000
## 15    0.000000    0.0000       0.0      0.00000  0.0000000
## 16    0.000000    0.0000       0.0      0.00000  0.0000000
## 17    0.000000    0.0000       0.0      0.00000  0.0000000
## 18    0.000000    0.0000       0.0      0.00000  0.0000000
## 19    0.000000    0.0000       0.0      0.00000  0.0000000
## 20    0.000000    0.0000       0.0      0.00000  0.0000000
## 21    0.000000    0.0000       0.0      0.00000  0.0000000
## 22    0.000000    0.0000       0.0      0.00000  0.0000000
## 23    0.000000    0.0000       0.0      0.00000  0.0000000
## 24    0.000000    0.0000       0.0      0.00000  0.0000000
## 25    0.000000    0.0000       0.0      0.00000  0.0000000
## 26    0.000000    0.0000       0.0      0.00000  0.0000000
## 27    0.000000    0.0000       0.0      0.00000  0.0000000
## 28    0.000000    0.0000       0.0      0.00000  0.0000000
## 29    0.000000    0.0000       0.0      0.00000  0.0000000
## 30    0.000000    0.0000       0.0      0.00000  0.0000000
## attr(,&quot;assign&quot;)
## [1] 0 1 2 3 4</code></pre>
<div class="sourceCode" id="cb118"><pre class="sourceCode r"><code class="sourceCode r"><span id="cb118-1"><a href="compute.html#cb118-1" aria-hidden="true" tabindex="-1"></a><span class="fu">svd</span>(X, <span class="at">nu=</span><span class="fu">dim</span>(X)[<span class="dv">1</span>], <span class="at">nv=</span><span class="fu">dim</span>(X)[<span class="dv">2</span>])</span></code></pre></div>
<pre><code>## $d
## [1] 4.780202e+05 4.563562e+03 1.117954e+02 2.536856e+00 2.528772e-01
## 
## $u
##              [,1]        [,2]        [,3]        [,4]        [,5]         [,6]
##  [1,] -0.27922535 -0.14384816 -0.17683730 -0.19605332  0.21490162 -0.075429520
##  [2,] -0.06910432  0.29439322 -0.01255121 -0.08990468  0.07302296 -0.168760218
##  [3,] -0.25106075 -0.12847284  0.18834231  0.10431768 -0.17349316 -0.220397812
##  [4,] -0.14592052  0.13404317 -0.37005122 -0.06506012  0.09762905 -0.140220867
##  [5,] -0.23433662 -0.04988011 -0.13888170  0.22047822  0.18122523  0.136780832
##  [6,] -0.08187526  0.26738497  0.12638464 -0.12857541  0.09130066  0.888944052
##  [7,] -0.20072757 -0.02370994 -0.18962224 -0.17516194 -0.23918651  0.044176807
##  [8,] -0.25106068 -0.12856953 -0.17837344  0.18285052 -0.20644692  0.103392532
##  [9,] -0.04235545  0.30581174 -0.14242453 -0.07935719 -0.35996963 -0.029475729
## [10,] -0.29289168 -0.21567979 -0.03012250  0.12303554 -0.16115036  0.096801407
## [11,] -0.14424103  0.13742563  0.01875236 -0.14737052  0.12929933 -0.067328056
## [12,] -0.18832260  0.04604211  0.08085774  0.20429408  0.16579954 -0.019568300
## [13,] -0.17008212  0.08360304  0.07194430  0.21809284  0.14708697 -0.025231884
## [14,] -0.05041837  0.28901322 -0.14423291 -0.08437980 -0.35396906 -0.025795182
## [15,] -0.08374516  0.26387907 -0.05721816  0.30403022  0.07345566 -0.040984407
## [16,] -0.11905814  0.15348681 -0.05580187 -0.14344493 -0.22608197 -0.020624418
## [17,] -0.19086582  0.04011533  0.19116595 -0.21575072  0.17844689 -0.075571514
## [18,] -0.10189970  0.22560416 -0.11036330 -0.09131098  0.08533222 -0.064069304
## [19,] -0.01681569  0.40343187  0.37461298  0.25645964  0.06110169 -0.139456496
## [20,] -0.12689529  0.13779975 -0.11995752 -0.13444132 -0.21990301 -0.007694886
## [21,] -0.23879363 -0.05960914 -0.15856502 -0.17283842  0.18563870  0.001271196
## [22,] -0.15694105  0.06758419  0.07838486  0.19101551 -0.25531665  0.022030308
## [23,] -0.26030733 -0.10437316  0.05720774 -0.23348128  0.22147290 -0.024854387
## [24,] -0.27197626 -0.17201383  0.31613351  0.06291757 -0.14602238  0.031596425
## [25,] -0.16230149  0.09955405 -0.07893713 -0.13874226  0.13234117 -0.043553659
## [26,] -0.15739446  0.07505237  0.39557026 -0.26478314 -0.14431045 -0.079707454
## [27,] -0.10884374  0.21158980 -0.05592161  0.28691249  0.09275684 -0.030655990
## [28,] -0.12139308  0.18551955  0.22642819 -0.17616602  0.13446615 -0.111306860
## [29,] -0.28138819 -0.19166622  0.15003237  0.09217341 -0.15375428  0.062614745
## [30,] -0.16740706  0.08953357 -0.23476347  0.28591832  0.12145000  0.023078639
##               [,7]         [,8]         [,9]        [,10]         [,11]
##  [1,] -0.299217629 -0.217825866 -0.091015083 -0.248937500 -0.1707889060
##  [2,] -0.102057561  0.022372896 -0.425673128  0.173848733 -0.0782182361
##  [3,]  0.167948520  0.134456509  0.009452520  0.043980201 -0.0844529246
##  [4,]  0.189560341  0.247685524  0.246304277  0.235419887 -0.1620418086
##  [5,]  0.074061790 -0.269233703  0.075180510 -0.197636410  0.0968507485
##  [6,]  0.026238750  0.077218036 -0.011931879  0.052673854 -0.0765800355
##  [7,]  0.820988040 -0.125492873 -0.142244590 -0.099634572  0.0092709871
##  [8,] -0.147156067  0.796827470 -0.089286352 -0.166159639  0.0510036358
##  [9,] -0.150064556 -0.102563812  0.743782144 -0.049229780 -0.0025298335
## [10,] -0.118661529 -0.170050357 -0.016652582  0.832752020  0.0396812681
## [11,] -0.005833423  0.045850556  0.008622881  0.025549419  0.9363463427
## [12,]  0.039528261 -0.017671950  0.071629597 -0.034218298 -0.0273673333
## [13,]  0.038543823 -0.019590633  0.053421980 -0.030348731 -0.0269678577
## [14,] -0.151464623 -0.103644582 -0.250328567 -0.051797137 -0.0019566484
## [15,]  0.021044974 -0.043341144 -0.047875750 -0.013452981 -0.0201520408
## [16,] -0.119401009 -0.067470273 -0.148456596 -0.049796792 -0.0152783729
## [17,]  0.026952884  0.083946624  0.090788806  0.024428242 -0.0766657296
## [18,] -0.029924572  0.017470070 -0.059306083  0.028276149 -0.0540926109
## [19,]  0.127220201  0.068039944  0.014506948  0.040200908 -0.0627123636
## [20,] -0.133113852 -0.082098650 -0.157269746 -0.055739804 -0.0098373797
## [21,] -0.057664721 -0.005178806  0.036012242 -0.016670762 -0.0427739483
## [22,] -0.077357170 -0.132659275 -0.095126984 -0.117905688  0.0229412181
## [23,] -0.011358958  0.046136792  0.110614281 -0.006404093 -0.0612510937
## [24,] -0.037547503 -0.083326704  0.059250404 -0.134084965  0.0072170880
## [25,] -0.030811852  0.019839009 -0.003888602  0.012068218 -0.0536190487
## [26,] -0.018110705  0.043908193  0.006571716 -0.023524708 -0.0558191557
## [27,]  0.018257852 -0.045003807 -0.027694525 -0.020907361 -0.0189959175
## [28,]  0.045283446  0.099847161  0.047417929  0.049470647 -0.0841645220
## [29,] -0.076382123 -0.124879527  0.022348255 -0.149806442  0.0227588237
## [30,] -0.029501029 -0.093566823 -0.029154022 -0.052412613  0.0001956554
##              [,12]         [,13]        [,14]        [,15]         [,16]
##  [1,] -0.073609738 -0.0519965469 -0.101539469  0.038822890 -0.1712774263
##  [2,]  0.054238210  0.0105208534 -0.408983685 -0.228721140 -0.2138290393
##  [3,] -0.164972950 -0.1710641960  0.017051311 -0.130419084 -0.0103257941
##  [4,] -0.105061658 -0.0953506991  0.243613356 -0.071896921  0.1578472745
##  [5,] -0.225195781 -0.2309089498  0.075421206 -0.300405753  0.1130107856
##  [6,] -0.038201708 -0.0390695435 -0.010092638 -0.027127813 -0.0250624873
##  [7,]  0.076576589  0.0764253319 -0.144051404  0.063907884 -0.1135803726
##  [8,]  0.014508584  0.0154544978 -0.092096820 -0.001908755 -0.0623928016
##  [9,]  0.050236346  0.0343367254 -0.250797667 -0.045901626 -0.1615689625
## [10,]  0.002359084  0.0106636650 -0.021779286  0.038726243 -0.0313036051
## [11,] -0.016910609 -0.0133790314  0.007847630  0.009826160 -0.0168651952
## [12,]  0.913468018 -0.0814880189  0.069999869 -0.057102849  0.0390739408
## [13,] -0.087300908  0.9155936077  0.052670658 -0.070526309  0.0310653527
## [14,]  0.051537402  0.0364486347  0.754722711 -0.040253647 -0.1591037220
## [15,] -0.084040092 -0.0927428770 -0.044308390  0.858028775 -0.0116525076
## [16,]  0.039706106  0.0345320686 -0.146991738  0.010383855  0.8896079577
## [17,] -0.031004850 -0.0191554057  0.087418893  0.055777964  0.0181585781
## [18,] -0.007123968 -0.0106220547 -0.057790292 -0.029798835 -0.0459023297
## [19,] -0.144814857 -0.1519140488  0.020072825 -0.158887600  0.0162717550
## [20,]  0.047529106  0.0419781377 -0.156020184  0.010954551 -0.1138566761
## [21,]  0.017063660  0.0269825173  0.031309241  0.064835669 -0.0060783660
## [22,] -0.028932069 -0.0327395146 -0.094232504 -0.050896659 -0.0638138081
